Закінчення таблиці 1.1.
21

22

23

24

25

26

27

28

29

30

X1

34,4

36,4

38,7

41,3

41,5

42,9

44,3

46,6

48,4

48,8

52,3

53,3

X2

33,2 36,4

39,9

43,4

47,9

51,8

56

61,3

61,5

67,5

70,6

72,3

Y

62,4

67,1

74,6

79,5

85,9

89,5

95,9 101,9 104,7 110,1 116,6 118,7

X1

43,6

44,6

44,8

46,3

48,2

47,9

50,1

51,1

51,1

52,9

53,7

54

X2

35,3

37,7

40,4

43,4

44,7

49,1

51,8

53,8

57,6

61

63,3

63,6

Y

72,5

74,7

78,7

83,1

87,3

92,3

95,5

97,5 102,6 106,4

110

110

X1

43,1

45,1

46,9

46,8

49,8

51,9

53,8

55,1

56,2

56,9

60,2

60,3

X2

32,9

37,2

42,5

47,7

50,8

54,6

57,2

60,4

62,7

63,6

68,4

71,6

Y

69,3

75,4

82,4

88,1

93,8

99,3 105,5 108,4 111,6 114,4 120,5 123,3

X1

44,9

46,2

46,5

49,9

51,2

51,6

52,1

52,6

56,1

57,3

57,4

58,7

X2

36,6 38,5

42,1

47,7

53,2

58,3

60,7

64,8

64,9

69,4

75,2

80,3

Y

76,3

77,7

81,3

89,2

97,3 103,1

106 111,7 114,2 118,3 127,4 132,2

X1

21,7

23,6

25,6

24,8

27,6

28,6

30,6

33,1

34,3

34,9

35,2

36,4

X2

36,6

38,5

42,1

47,7

53,2

58,3

60,7

64,8

64,9

69,4

75,2

80,3

Y

70,1

75,9

79,5

85,2

89,1

95,6 100,4 102,7 107,6 112,5 114,5 120,9

X1

43,6

44,6

44,8

46,3

48,2

47,9

50,1

51,1

51,1

52,9

53,7

54,3

X2

52,7

53,5

52,7

57,1

54,1

58,8

55,1

57,8

56,1

56,7

56,7

58,7

Y

77,8

82,5

84,4

86,3

87,9

92,8

91,1

95,3

94,7

96,7

99,5 102,9

X1

43,1

45,2

45,5

48,4

49,5

50,3

52,9

53,7

55,5

57,4

59,8

61,2

X2

52,7

56,3

61,5

62,9

67,2

67,5

72,7

76,9

81,2

85,6

85,8

89,8

Y

75,2

81,4

84,5

90,3

95,9

97,8 102,8 106,7

114 118,5 123,7 126,2

X1

23,8

23,8

24,2

25,4

24,9

25,9

26,7

27,8

30,3

32,1

33,9

35,6

X2

43,3 45,6

49,9

51,8

53,9

55,5

59,2

59,6

64,4

65,7

68,8

68,8

Y

63,8

67,8

70,9

71,8

74,2

76,8

80,8

81,4

88,4

92,7

96,5

99,7

X1

26,9

29,3

29,8

31,1

35

35,1

35,9

37,9

39,7

42,3

44,6

44,8

X2

33

35,4

38

40,3

46,3

48,2

53,3

56,3

56,7

62,2

65,9

69,1

Y

68,7

72,9

77,6

79,7

88,1

91,6 100,4 102,2 103,9 112,7 118,3 121,9

X1

55,6

55,4

56,2

56,8

57,9

59,7

60,8

64,2

65,2

68,9

71,3

71,4

X2

33,4 34,7

38,9

42,7

43,8

48,4

48,3

52,5

57,5

59,7

62,1

66,9

Y

75,5

86,2

93,1

99,4 102,9 103,2 109,2 115,5 117,4 120,6 125,3

81,7

[1] Див. довідку по додатковій регресійній статистиці функції LINEST
/або ЛИНЕЙН/ (Відомі_значення_y; відомі_значення_x; конст; статистика):

11

