Варіанти завдань до практичної роботи 1.1
Таблиця 1.1.
Варіанти для самостійної роботи (вихідні дані 𝑿𝒊 та 𝒀𝒊 )
Номер
варіанту
↓
1

2

3

4

5

6

7

8

9

№

1

2

3

4

5

6

7

8

9

10

11

12

X1

21,1

23,6

24,4

24,8

27,0

28,6

31,0

33,1

33,7

34,9

35,2

36,4

X2

52,1

57,0

60,7

65,7

69,9

74,6

77,8

78,0

83,0

86,9

89,2

94,6

Y

69,5

75,9

79,9

84,6

89,0

95,6

99,8 103,1 107,6 111,9 114,5 120,9

X1

30,1

32,6

33,7

35,1

36,4

39,4

41,8

43,3

44,2

46,0

47,8

49,5

X2

52,1

53,5

53,1

56,5

54,1

58,2

55,1

57,2

56,1

56,1

57,1

58,7

Y

78,2

82,5

83,8

86,7

87,0

92,8

91,5

95,3

94,7

96,7

99,5 102,9

X1

26,9

28,7

29,8

31,5

34,4

35,5

35,9

37,3

40,1

42,7

44,6

44,8

X2

52,1

56,7

60,9

62,9

67,2

67,5

72,7

76,9

81,0

84,4

85,8

89,8

Y

75,2

81,4

84,9

90,0

96,3

97,2 102,2 107,1 114,0 118,5 123,1 126,2

X1

23,8

23,8

24,2

24,8

24,9

25,9

26,7

27,8

30,3

31,5

33,4

35,6

X2

42,7

45,6

49,3

51,8

53,3

55,5

58,6

59,0

64,4

65,7

68,8

69,2

Y

63,4

67,2

70,9

72,2

74,2

76,2

81,2

81,4

88,8

92,7

96,5

99,1

X1

43,1

45,2

45,5

47,8

49,5

50,3

53,3

53,7

55,5

57,4

59,2

61,2

X2

32,4

34,8

38,0

40,3

45,7

48,2

53,3

55,4

56,7

62,2

65,9

68,4

Y

68,7

73,3

77,6

80,1

88,1

91,0 100,4 102,2 103,9 112,1 118,3 121,9

X1

55,0

55,4

55,6

56,8

58,3

59,7

60,8

63,6

65,6

68,0

70,7

71,4

X2

32,5

36,7

40,6

45,0

49,4

52,2

52,4

55,3

59,7

60,4

62,3

65,6

Y

74,9

81,7

86,0

93,1

99,4 102,3 103,2 109,2 115,9 117,4 120,6 124,7

X1

46,0

46,6

48,7

49,2

49,3

51,7

54,3

54,7

55,7

58,6

61,5

64,1

X2

32,8

34,7

38,9

42,1

43,8

48,4

48,7

52,5

56,9

59,7

62,1

66,3

Y

69,9

72,4

80,3

85,4

85,1

92,3

94,9

99,4 104,1 110,2 115,8 121,6

X1

45,9

46,2

47,4

49,8

51,8

53,8

55,3

56,5

59,5

60,7

61,4

63,3

X2

52,1

55,5

55,9

56,5

57,9

63,2

63,7

64,3

65,4

69,5

73,1

74,8

Y

92,3

97,2

98,6 100,9 102,7 111,2 111,8 114,1 117,6 121,9 126,5 129,6

X1

34,8

35,8

38,7

40,7

41,9

42,3

44,3

46,6

48,4

48,8

51,7

53,3

X2

32,4

36,4

39,9

43,4

47,9

51,8

56,0

60,7

61,9

66,9

70,6

72,3

Y

62,4

67,5

74,0

79,5

85,9

88,9

95,3 101,9 104,7 110,1 116,6 118,1

з/п

9

