Номер
№ з/п
варіанту ↓
5

6

7

8

9

10

1

2

3

4

5

6

7

8

9

40,6 42,44 43,17 43,12 43,22 42,35 41,05 39,28

10

Y

38,86

X1

61,87 69,59 72,09 72,63

74,9 79,39 85,97 89,24 91,45

96,68

X2

40,35 48,79 59,12 64,35 67,76 74,68 76,11 80,26 90,38

96,34

Y

36,82 39,14 41,26 42,53 41,98 45,56 56,25 58,92 64,12

66,64

X1

29,65 34,56 38,29 42,23 40,55 51,87 52,12 62,41 66,49

68,42

X2

32,65 38,85 39,51 42,12 44,62 48,12 51,21 58,64 56,94

62,35

Y

32,66 34,88 36,94 41,52 41,64 45,89 48,96 52,21 55,32

54,68

X1

16,56 18,92 22,25 22,34 26,58 27,91 32,65 33,15 41,56

40,29

X2

21,25 23,52 26,32 24,59 28,92 29,56 31,54 35,65 38,48

41,26

Y

33,92 36,11 37,75 38,12 38,89 38,39 38,08 37,82 36,59

35,71

X1

52,07 60,93

61,3 65,69 72,41 80,82 86,09 90,73 92,08

98,02

X2

30,23 39,18 48,61 51,28 56,94 64,35 68,73 78,96 82,18

91,52

Y

35,51 37,52 38,36 39,43 39,94 40,16 39,14 37,94 35,82

34,35

X1

53,22 57,41 64,08 67,92

79,5

82,72

X2

30,74 33,96 44,79 46,02 50,82 56,07 67,01 77,17 79,44

88,56

Y

34,25 35,15 36,16 36,43

31,9 31,74

30,28

X1

54,84 61,5

68,61 70,13 71,42 71,66 75,78 82,67 83,07

86,19

X2

31,56 40,34 48,48 54,93 59,36 69,07

72,1 73,35 76,39 78,11
36,9 36,87 35,21

76,4 77,06 84,32

38,54

85,28

Порядок виконання практичної роботи №1.2
1.
Знайдіть оцінки параметрів регресії, якщо припустити, що стохастична
залежність має вид:
𝑌 = 𝑎0 + 𝑎1 𝑋1 + 𝑎2 𝑋1 2 + 𝑎3 𝑋2 + 𝑎4 𝑋2 2
Виробнича функція має вигляд мультиплікативної двофакторної моделі:
де 𝑌 – прибуток комерційного підприємства, 𝑋1 та 𝑋2 – фактори, від яких
залежить прибуток підприємства
Вхідні дані наведено у таблиці 1.6.
Таблиця 1.6.
Статистичні дані.
Y

37.66 38.81 39.86 40.85 40.86 40.01 39.32 38.74 37.73 36.61

X1

61.7

X2

38.97 38.99 45.88 56.79 61.48 70.08 70.92 79.77 90.28 92.67

61.78 65.1

67.39 74.19 80.18 82.6

20

87.52 87.61 90.73

