YG = F1(r). При цьому змінна r приймає значення в інтервалі від 0 до 1,0 з
кроком Δr = 0,05. Результати обчислень представлені в таблиці 4.2:
(!!!Комірки мають містити формули!)
Таблиця 4.2
r

YG

0

307971

0,05

291340,58

0,1

274710,14

0,15

258079,71

0,2

241449,28

0,25

224818,84

0,3

208188,41

0,35

191557,97

0,4

174927,54

0,45

158297,10

0,5

141666,67

0,55

125036,23

0,6

108405,80

0,65

91775,36

0,7

75144,93

0,75

58514,49

0,8

41884,06

0,85

25253,62

0,9

8623,19
81

