r
0.00
0.05
0.10
0.15
0.20
0.25
0.30
0.35
0.40
0.45
0.50
0.55
0.60
0.65
0.70
0.75
0.80
0.85
0.90
0.95
1.00

YG
307971.0145
291340.5797
274710.1449
258079.7101
241449.2754
224818.8406
208188.4058
191557.9710
174927.5362
158297.1014
141666.6667
125036.2319
108405.7971
91775.3623
75144.9275
58514.4928
41884.0580
25253.6232
8623.1884
-8007.2464
-24637.6812
Отримаємо наступний графік:

YM
78666.6667
91866.6667
105066.6667
118266.6667
131466.6667
144666.6667
157866.6667
171066.6667
184266.6667
197466.6667
210666.6667
223866.6667
237066.6667
250266.6667
263466.6667
276666.6667
289866.6667
303066.6667
316266.6667
329466.6667
342666.6667

