r

YG

0,45

158297,10

0,5

141666,67

0,55

125036,23

0,6

108405,80

0,65

91775,36

0,7

75144,93

0,75

58514,49

0,8

41884,06

0,85

25253,62

0,9

8623,19

0,95

-8007,25

1

-24637,68

Аналогічно проводимо розрахунки значень функції YМ = F2(r),. Чисельні
значення MS, h, j, k, p наведені в таблиці 1.
Результати обчислень приведені в таблиці 3:
Таблиця 3
r

YM

0

78666,67

0,05

91866,67

0,1

105066,67

0,15

118266,67

0,2

131466,67

0,25

144666,67

0,3

157866,67

0,35

171066,67

0,4

184266,67

