ДОДАТОК Ж
Таблиця Ж.1– Варіанти завдань до виконання практичної роботи № 2.4
№ Постачальник Інтервал
Обсяг Вартість,
Місце
Надійність,
поставок, поставок, тис. грн. розташування,
%
з/п
днів
т
км
1
2
3
4
5
6
7
1
20
15
230,00
75
99,892
2
20
20
240,00
90
100
3
20
80
294, 00
60
99,407
4
20
50
270,00
100
98,928
1. 5
40
96,66
75
100,00
1
20
15
230,00
75
99,892
2
20
20
240,00
90
100
3
20
80
294, 00
60
99,407
4
20
50
270,00
100
98,928
2. 5
40
96,66
75
100,00
1
20
15
230,00
75
99,892
2
20
20
240,00
90
100
3
20
80
294, 00
60
99,407
4
20
50
270,00
100
98,928
3. 5
40
96,66
75
100,00
1
20
15
230,00
75
99,892
2
20
20
240,00
90
100
3
20
80
294, 00
60
99,407
4
20
50
280,00
90
98,928
4. 5
40
96,66
75
100,00
1
20
15
230,00
75
99,892
2
20
20
240,00
90
100
3
20
80
294, 00
60
99,407
4
20
50
270,00
100
98,928
5. 5
40
96,66
75
100,00
1
20
15
230,00
75
99,892
2
20
20
240,00
90
100
3
20
80
294, 00
60
99,407
4
20
50
270,00
100
98,928
6. 5
40
97
75
100,00

