Продовження таблиці Ж.1
1

7.

8.

9.

10.

11.

12.

13.

2
1
2
3
4
5
1
2
3
4
5
1
2
3
4
5
1
2
3
4
5
1
2
3
4
5
1
2
3
4
5
1
2
3
4
5

3
20
20
20
20
40
20
20
20
20
40
20
20
20
20
40
20
20
20
20
40
20
20
20
20
40
20
20
20
20
40
20
20
20
20
40

4
15
20
80
50
15
20
80
50
15
20
80
50
15
20
80
50
15
20
80
50
15
20
90
50
15
20
80
50

5
230,00
240,00
294, 00
270,00
96,66
230,00
240,00
294, 00
270,00
96,66
230,00
260,00
294, 00
270,00
96,66
230,00
240,00
294, 00
270,00
96,66
230,00
260,00
294, 00
270,00
96,66
230,00
240,00
294, 00
270,00
96,66
230,00
240,00
294, 00
270,00
96,66

6
75
90
60
100
75
75
90
60
100
95
75
90
60
100
75
75
90
60
100
75
75
90
60
100
75
75
90
60
100
75
75
90
70
100
75

7
99,892
100
99,407
98,928
100,00
99,892
100
99,407
98,928
100,00
99,892
100
99,407
98,928
100,00
99,892
100
99,407
98,928
100,00
99,892
100
99,407
98,928
100,00
99,892
100
99,407
98,928
100,00
99,892
100
99,407
98,928
100,00

