Закінчення таблиці В.
1
12

13

14

15

16

17

18

19

20

2
1
2
3
1
2
3
1
2
3
1
2
3
1
2
3
1
2
3
1
2
3
1
2
3
1
2
3

3
30
20
40
30
40
20
40
20
30
20
40
20
30
40
20
40
20
30
30
40
20
40
20
30
30
40
20

4
10
30
30
20
30
40
30
30
40
10
30
30
20
30
40
30
30
40
20
30
40
30
30
40
20
30
40

5
30
40
20
40
20
30
40
30
20
30
40
20
40
20
30
40
30
20
40
20
30
40
30
20
40
20
30

6
4
3
2
3
4
5
3
4
5
4
3
2
3
4
5
3
4
5
3
4
5
3
4
5
3
4
2

7
3
2
5
6
2
3
6
2
3
3
2
5
6
2
3
6
2
3
6
2
3
6
2
3
4
2
3

8
2
4
3
4
3
2
4
3
2
2
4
3
4
3
2
4
3
2
4
3
2
4
3
2
5
3
2

9
300
350
290
450
320
300
400
310
260
350
300
260
450
320
300
400
310
260
450
320
300
400
310
260
350
300
260

