ДОДАТОК В
Таблиця В. – Варіанти завдань для виконання практичної роботи № 2.3
Номер
варіанта
1
1

2

3

4

5

6

7

8

9

10

11

Вид
Продуктивність qij,
комм3/год.
байна А
В
С
2
3
4
5
1
20
10
30
2
40
30
40
3
20
30
20
1
30
20
40
2
40
30
20
3
20
40
30
1
30
20
40
2
40
30
20
3
20
40
30
1
30
20
40
2
40
30
20
3
20
40
30
1
30
10
30
2
20
30
40
3
40
30
20
1
30
20
40
2
40
30
20
3
20
40
30
1
40
30
40
2
20
30
30
3
30
40
20
1
20
10
30
2
40
30
40
3
20
30
20
1
30
40
40
2
40
30
20
3
20
30
30
1
30
20
40
2
40
30
20
3
20
40
30
1
30
20
40
2
40
30
20
3
20
40
30

Питома вартість, сij,
грн./ год.
А
В
С
6
7
8
6
7
8
3
6
4
4
2
3
5
3
2
3
6
4
4
2
3
5
3
2
4
3
2
3
2
4
2
5
3
5
3
2
3
6
4
4
3
2
3
2
4
2
5
3
3
6
4
4
2
3
5
3
2
3
6
4
4
2
3
5
3
2
4
3
2
3
2
4
2
5
3
2
5
2
4
2
2
3
4
4
3
4
5
4
2
3
2
3
2
4
3
2
3
2
4
2
5
3

Ресурс
часу, год
9
350
300
260
350
300
260
350
300
260
350
300
260
300
350
290
450
320
300
400
310
260
350
300
260
350
300
260
350
300
260
380
320
290

