𝑌 = 𝑎0 + 𝑎1 𝑋1 + 𝑎2 𝑋12 + 𝑎3 𝑋2 + 𝑎4 𝑋22 .
2) за критерієм Фішера з надійністю 0,95 оцініть адекватність регресії
статистичним даним. Якщо економетрична модель адекватна
статистичним даним, то знайдіть значення факторів, при яких
прибуток комерційного підприємства буде максимальним.
Завдання 1.2.2
Захистити виконану роботу, представивши результати роботи та
відповівши на запитання викладача з наведеного переліку.
Таблиця 1
Варіанти для самостійної роботи (вихідні дані 𝑿𝒊 та 𝒀𝒊 )
Номер
№ з/п 1
2
варіанту ↓
Y
36,25 36,55
1
X1 57,99 64,09
X2 36,21 42,94
Y
36,33 37,86
2
X1 58,48 61,56
X2
37,6 44,39
Y
36,15 36,67
3
X1 60,45 60,47
X2 38,82 40,43
Y
37,66 38,81
4
X1
61,7 61,78
X2 38,97 38,99
Y
38,86 40,6
5
X1 61,87 69,59
X2 40,35 48,79
Y
36,82 39,14
6
X1 29,65 34,56
X2 32,65 38,85
Y
32,66 34,88
7
X1 16,56 18,92
X2 21,25 23,52
Y
33,92 36,11
8
X1 52,07 60,93
X2 30,23 39,18
Y
35,51 37,52
9
X1 53,22 57,41
X2 30,74 33,96
Y
34,25 35,15
10
X1 54,84 61,5
X2 31,56 40,34

3

4

5

6

7

8

9

10

37,28
65,35
44,27
38,75
70,29
47,91
37,57
62,2
41,78
39,86
65,1
45,88
42,44
72,09
59,12
41,26
38,29
39,51
36,94
22,25
26,32
37,75
61,3
48,61
38,36
64,08
44,79
36,16
68,61
48,48

38,67
65,48
48,92
39,01
71,43
52,79
37,85
70,85
52,71
40,85
67,39
56,79
43,17
72,63
64,35
42,53
42,23
42,12
41,52
22,34
24,59
38,12
65,69
51,28
39,43
67,92
46,02
36,43
70,13
54,93

38,77
67,02
56,45
39,53
73,73
58,75
37,93
72,88
62,56
40,86
74,19
61,48
43,12
74,9
67,76
41,98
40,55
44,62
41,64
26,58
28,92
38,89
72,41
56,94
39,94
72,1
50,82
36,9
71,42
59,36

39,01
71,82
60,42
39,21
81,71
59,14
37,74
78,73
70,29
40,01
80,18
70,08
43,22
79,39
74,68
45,56
51,87
48,12
45,89
27,91
29,56
38,39
80,82
64,35
40,16
73,35
56,07
36,87
71,66
69,07

38,65
76,65
71,37
37,87
83,62
68,65
37,35
82,49
70,59
39,32
82,6
70,92
42,35
85,97
76,11
56,25
52,12
51,21
48,96
32,65
31,54
38,08
86,09
68,73
39,14
76,39
67,01
35,21
75,78
76,4

38,28
78,12
75,6
37,75
90,82
75,5
36,12
83,63
75,48
38,74
87,52
79,77
41,05
89,24
80,26
58,92
62,41
58,64
52,21
33,15
35,65
37,82
90,73
78,96
37,94
78,11
77,17
31,9
82,67
77,06

37,22
80,23
80,62
36,28
94,01
85,67
36,56
88,04
76,44
37,73
87,61
90,28
39,28
91,45
90,38
64,12
66,49
56,94
55,32
41,56
38,48
36,59
92,08
82,18
35,82
79,5
79,44
31,74
83,07
84,32

35,17
88,31
80,71
33,98
98,28
88,25
32,67
89,72
79,4
36,61
90,73
92,67
38,54
96,68
96,34
66,64
68,42
62,35
54,68
40,29
41,26
35,71
98,02
91,52
34,35
82,72
88,56
30,28
86,19
85,28

