13

14

15

16

17

18

19

20

21

22

23

24

25

26

27

28
29

X2
Y
X1
X2
Y
X1
X2
Y
X1
X2
Y
X1
X2
Y
X1
X2
Y
X1
X2
Y
X1
X2
Y
X1
X2
Y
X1
X2
Y
X1
X2
Y
X1
X2
Y
X1
X2
Y
X1
X2
Y
X1
X2
Y
X1
X2
Y
X1
X2
Y
X1

36,6
75,4
21,7
51,7
70,1
30,1
52,7
77,8
26,9
52,7
75,2
23,8
43,3
63,5
43,1
33,7
68,7
55,2
32,5
75,5
45,6
33,4
69,9
46,5
52,1
92,9
34,4
33,2
62,4
43,6
35,3
72,5
43,1
32,9
69,3
44,9
36,6
76,3
21,7
36,6
70,1
43,6
52,7
77,8
43,1
52,7
75,2
23,8
43,3
63,8
26,9

38,5
77,7
23,6
57,6
75,9
33,2
53,5
82,5
29,3
56,3
81,4
23,8
45,6
67,8
45,2
35,4
72,9
55,4
37,3
81,7
47,2
34,7
72,4
46,2
55,5
96,8
36,4
36,4
67,1
44,6
37,7
74,7
45,1
37,2
75,4
46,2
38,5
77,7
23,6
38,5
75,9
44,6
53,5
82,5
45,2
56,3
81,4
23,8
45,6
67,8
29,3

42,5 47,7 53,2 57,7 60,7 64,8 64,9 69,4 74,6 80,3
81,3 89,2 97,7 103,1 105,4 111,7 114,2 118,3 127,4 131,6
25 24,8 27,6 28,6 30,6 33,1 34,3 34,9 35,2 36,4
60,7 65,3 69,9 75,2 77,8 78,6 83 86,5 89,2 94,6
79,5 85,2 89 95,6 100,4 102,7 107,6 112,5 114,5 120,9
33,7 35,7 36,4 39,4 41,8 43,3 43,8 46,2 47,8 50,1
52,7 57,1 54,1 58,8 55,1 57,8 56,1 56,7 56,7 58,7
84,4 86,3
87 92,8 91,1 95,3 94,7 96,7 99,5 102,9
29,8 31,1
35 35,1 35,9 37,9 39,7 42,3 44,6 44,8
61,5 62,9 67,2 67,5 72,7 76,9 81,1 85,6 85,8 89,8
84,5 90,9 95,9 97,8 102,8 106,7 114,2 118,5 123,7 126,2
24,2 25,4 24,9 25,9 26,7 27,8 30,3 32,1 33,9 35,6
49,9 51,8 53,9 55,5 59,2 59,6 64,4 65,7 68,8 68,8
70,9 71,8 74,2 76,8 80,8 81,4 88,4 92,7 96,5 99,7
45,5 48,4 49,5 50,3 52,9 53,7 55,5 57,4 59,8 61,2
38,9 40,3 46,3 48,2 53,3 56,5 56,7 62,2 65,9 69,1
77,6 79,7 88,1 91,6 100,4 102,2 103,9 112,7 118,3 121,9
56,2 56,8 57,9 59,7 60,8 64,2 65,2 68,1 71,3 71,4
40,6 45,6 49,4 52,2 53,2 55,3 59,7 61,6 62,3 65,6
86,3 93,1 99,4 102,9 103,2 109,2 115,5 117,4 120,6 125,3
48,3 49,2 48,9 51,7 54,3 55,3 55,7 58,6 61,1 64,1
38,9 42,7 43,8 48,4 48,3 52,5 57,5 59,7 62,1 66,9
80,3 85,4 85,1 92,9 94,9 99,4 104,1 110,8 115,8 121,6
47,4 49,4 51,8 53,8 54,9 56,5 59,5 61,3 61,4 63,3
56,5 56,5 58,5 63,2 63,7 64,9 65,4 69,5 73,1 74,8
98,6 100,9 102,7 111,8 111,8 114,7 117,6 121,9 126,1 130,2
38,7 41,3 41,5 42,9 44,3 46,6 48,4 48,8 52,3 53,3
39,9 43,4 47,9 51,8
56 61,3 61,5 67,5 70,6 72,3
74,6 79,5 85,9 89,5 95,9 101,9 104,7 110,1 116,6 118,7
44,8 46,3 48,2 47,9 50,1 51,1 51,1 52,9 53,7
54
40,4 43,4 44,7 49,1 51,8 53,8 57,6
61 63,3 63,6
78,7 83,1 87,3 92,3 95,5 97,5 102,6 106,4 110 110
46,9 46,8 49,8 51,9 53,8 55,1 56,2 56,9 60,2 60,3
42,5 47,7 50,8 54,6 57,2 60,4 62,7 63,6 68,4 71,6
82,4 88,1 93,8 99,3 105,5 108,4 111,6 114,4 120,5 123,3
46,5 49,9 51,2 51,6 52,1 52,6 56,1 57,3 57,4 58,7
42,1 47,7 53,2 58,3 60,7 64,8 64,9 69,4 75,2 80,3
81,3 89,2 97,3 103,1 106 111,7 114,2 118,3 127,4 132,2
25,6 24,8 27,6 28,6 30,6 33,1 34,3 34,9 35,2 36,4
42,1 47,7 53,2 58,3 60,7 64,8 64,9 69,4 75,2 80,3
79,5 85,2 89,1 95,6 100,4 102,7 107,6 112,5 114,5 120,9
44,8 46,3 48,2 47,9 50,1 51,1 51,1 52,9 53,7 54,3
52,7 57,1 54,1 58,8 55,1 57,8 56,1 56,7 56,7 58,7
84,4 86,3 87,9 92,8 91,1 95,3 94,7 96,7 99,5 102,9
45,5 48,4 49,5 50,3 52,9 53,7 55,5 57,4 59,8 61,2
61,5 62,9 67,2 67,5 72,7 76,9 81,2 85,6 85,8 89,8
84,5 90,3 95,9 97,8 102,8 106,7 114 118,5 123,7 126,2
24,2 25,4 24,9 25,9 26,7 27,8 30,3 32,1 33,9 35,6
49,9 51,8 53,9 55,5 59,2 59,6 64,4 65,7 68,8 68,8
70,9 71,8 74,2 76,8 80,8 81,4 88,4 92,7 96,5 99,7
29,8 31,1
35 35,1 35,9 37,9 39,7 42,3 44,6 44,8

